1 0
2 0
3 0
4 0
5 0
6 0
7 0
8 0
9 0
10 0
20 0
30 0
40 0
50 0
60 0
70 0
80 0
90 0
100 0
200 0
300 0
400 0
500 0
600 0
700 0
800 0
900 0
1000 0
2000 0
3000 0
4000 0
5000 0
6000 0
7000 0
8000 0
9000 0
10000 0
20000 0
30000 0
40000 0
50000 0
60000 0
70000 0
80000 0
90000 0
100000 0
200000 0.01
300000 0.02
400000 0.03
500000 0.03
600000 0.04
700000 0.05
800000 0.06
900000 0.06
1000000 0.07
2000000 0.14
3000000 0.22
4000000 0.29
5000000 0.37
6000000 0.44
7000000 0.52
8000000 0.59
9000000 0.67
10000000 0.74
20000000 1.49
30000000 2.23
40000000 2.98
50000000 3.72
60000000 4.47
70000000 5.21
80000000 5.96
90000000 6.7
100000000 7.45
