1 0
2 0
3 0
4 0
5 0
6 0
7 0
8 0
9 0
10 0
20 0
30 0
40 0
50 0
60 0
70 0
80 0
90 0
100 0
200 0
300 0
400 0
500 0
600 0
700 0
800 0
900 0
1000 0
2000 0.01
3000 0.01
4000 0.02
5000 0.02
6000 0.03
7000 0.03
8000 0.04
9000 0.04
10000 0.05
20000 0.11
30000 0.16
40000 0.22
50000 0.27
60000 0.33
70000 0.38
80000 0.44
90000 0.49
100000 0.55
200000 1.1
300000 1.65
400000 2.2
500000 2.75
600000 3.3
700000 3.84
800000 4.4
900000 4.95
1000000 5.5
2000000 10.99
3000000 16.49
4000000 21.99
5000000 27.49
6000000 32.99
7000000 38.49
8000000 43.99
9000000 49.49
10000000 54.99
20000000 109.77
30000000 156.71
40000000 208.98
50000000 260.84
60000000 322.51
70000000 384.99
80000000 439.05
90000000 468.24
100000000 520.02
