1 0
2 0
3 0
4 0
5 0
6 0
7 0
8 0
9 0
10 0
20 0
30 0
40 0
50 0
60 0
70 0
80 0
90 0
100 0
200 0
300 0
400 0
500 0
600 0
700 0
800 0
900 0
1000 0
2000 0
3000 0
4000 0
5000 0
6000 0
7000 0
8000 0
9000 0
10000 0
20000 0.01
30000 0.01
40000 0.02
50000 0.02
60000 0.03
70000 0.04
80000 0.04
90000 0.05
100000 0.05
200000 0.11
300000 0.17
400000 0.22
500000 0.28
600000 0.34
700000 0.39
800000 0.45
900000 0.51
1000000 0.56
2000000 1.13
3000000 1.7
4000000 2.27
5000000 2.83
6000000 3.4
7000000 3.97
8000000 4.54
9000000 5.11
10000000 5.68
20000000 11.36
30000000 17.04
40000000 22.72
50000000 28.4
60000000 34.08
70000000 39.76
80000000 45.44
90000000 51.13
100000000 56.81
